1.000
0.997
0.997
0.993
0.990
0.988
0.985
0.983
0.972
0.973
0.976
0.974
0.973
0.971
0.972
0.982
0.983
0.980
0.980
0.977
0.981
0.985
0.984
0.982
0.975
0.970
0.977
0.980
0.971
0.971
0.968
0.967
0.967
0.965
0.957
0.958
0.955
0.944
0.948
0.959
0.964
0.961
0.960
0.963
0.962
0.968
0.974
0.984
0.991
0.989
0.989
0.985
0.978
0.977
0.981
0.977
0.969
0.972
0.973
0.983
0.974
0.970
0.964
0.963
0.957
0.954
0.954
0.953
0.919
0.920
0.912
0.914
0.931
0.950
0.952
0.949
0.935
0.942
0.921
0.935
0.946
0.948
0.945
0.940
0.945
0.951
0.956
0.959
0.966
0.964
0.965
0.971
0.964
0.952
0.948
0.948
0.947
0.939
0.949
0.951
0.944
0.962
0.963
0.959
0.979
0.965
0.938
0.890
0.738
0.460
0.500
0.106
-0.232
-0.306
-0.348
-0.329
-0.295
-0.287
-0.328
-0.364
-0.346
-0.383
-0.372
-0.380
-0.412
-0.410
-0.435
-0.426
-0.387
-0.312
-0.288
-0.275
-0.259
-0.297
-0.291
-0.292
-0.314
-0.350
-0.398
-0.387
-0.265
-0.297
-0.326
-0.348
-0.363
-0.350
-0.341
-0.396
-0.428
-0.451
-0.458
-0.405
-0.341
0.568
0.931
0.952
0.948
0.943
0.940
0.934
0.935
0.944
0.941
0.936
0.945
0.955
0.947
0.942
0.950
0.953
0.944
0.954
0.954
0.941
0.956
0.953
0.942
0.937
0.945
0.947
0.940
0.932
0.919
0.897
0.900
0.911
0.928
0.935
0.937
0.934
0.935
0.940
0.944
0.945
0.949
0.946
0.946
0.940
0.929
0.910
0.900
0.904
0.898
0.904
0.882
0.902
0.909
0.926
0.927
0.933
0.932
0.929
0.943
0.948
0.937
0.928
0.926
0.925
0.928
0.925
0.930
0.928
0.928
0.926
0.927
0.937
0.946
0.954
0.949
0.952
0.959
0.964
0.965
0.970
0.966
0.967
0.967
0.963
0.960
0.952
0.955
0.948
0.905
0.885
0.865
0.874
0.907
0.936
0.956
0.958
0.956
0.952
0.944
0.949
0.930
0.940
0.926
0.915
0.902
0.892
0.883
0.873
0.868
0.881
0.896
0.899
0.893
0.893
0.904
0.919
0.920
0.907
0.901
0.901
0.913
0.937
0.965
0.945
0.937
0.951
0.960
0.957
0.967
0.968
0.965
0.953
0.945
0.944
0.950
0.953
0.947
0.948
0.947
0.952
0.946
0.944
0.944
0.948
0.930
0.936
0.932
0.936
0.932
0.941
0.954
0.962
0.964
0.961
0.954
0.940
0.942
0.938
0.948
0.951
0.927
0.721
0.379
0.226
0.035
-0.069
-0.161
-0.206
-0.257
-0.268
-0.280
-0.233
-0.258
-0.267
-0.291
-0.237
-0.204
0.236
0.555
0.813
0.879
0.749
0.834
0.462
0.068
-0.155
-0.125
-0.159
-0.182
-0.113
-0.131
-0.211
-0.252
-0.241
-0.254
-0.236
-0.202
-0.196
-0.152
-0.151
-0.198
-0.221
-0.165
-0.164
-0.171
-0.174
-0.163
-0.209
-0.170
-0.213
-0.185
-0.194
-0.083
-0.011
-0.232
-0.280
-0.334
-0.351
-0.326
-0.282
-0.305
-0.374
-0.372
-0.361
-0.366
-0.331
-0.277
-0.312
-0.334
-0.308
-0.279
-0.260
-0.239
-0.197
-0.241
-0.236
-0.244
-0.214
-0.169
-0.125
-0.118
-0.106
-0.128
-0.182
-0.212
-0.248
-0.262
-0.183
-0.145
-0.111
-0.038
-0.055
-0.105
-0.140
-0.211
-0.274
-0.299
-0.343
-0.362
-0.360
-0.354
-0.345
-0.345
-0.342
-0.347
-0.361
-0.386
-0.403
-0.406
-0.402
-0.401
-0.379
-0.336
-0.353
-0.318
-0.264
-0.283
-0.280
-0.281
-0.152
-0.159
-0.093
-0.183
-0.283
-0.444
-0.478
-0.404
-0.462
-0.397
-0.256
0.278
0.502
0.233
0.116
-0.018
-0.046
0.267
0.539
0.633
0.648
0.664
0.676
0.673
0.677
0.679
0.678
0.679
0.671
0.651
0.643
0.642
0.632
0.612
0.602
0.611
0.610
0.621
0.634
0.625
0.638
0.645
0.645
0.637
0.637
0.633
0.604
0.591
